-6.544999990686774 0.9650001300126316 0
-6.544999990686774 0.46500012256205103 0
-6.544999990686774 -0.034999884888529564 0
-6.544999990686774 -0.5349998923391102 0
-6.544999990686774 -1.0349998997896908 0
-6.544999990686774 -1.5349999072402714 0
-6.544999990686774 -2.034999914690852 0
-6.544999990686774 -2.5349999221414325 0
-6.544999990686774 -3.034999929592013 0
-6.044999983236194 0.5150001233071091 0
-6.044999983236194 0.015000115856528495 0
-6.044999983236194 -0.4849998915940521 0
-6.044999983236194 -0.9849998990446327 0
-6.044999983236194 -1.4849999064952133 0
-6.044999983236194 -1.984999913945794 0
-6.044999983236194 -2.4849999213963745 0
-6.044999983236194 -2.984999928846955 0
-5.544999975785613 -2.734999925121665 0
-5.544999975785613 -2.234999917671084 0
-5.544999975785613 -1.7349999102205036 0
-5.544999975785613 -1.234999902769923 0
-5.544999975785613 -0.7349998953193424 0
-5.544999975785613 -0.2349998878687618 0
-5.544999975785613 0.2650001195818188 0
-5.544999975785613 0.7650001270323994 0
